107,1,1333.14,680.37,48.24,133.58,0.3485,-1,-1,-1
214,2,1548.27,885.74,86.90,193.26,0.3711,-1,-1,-1
215,2,1545.40,884.13,88.67,194.87,0.3724,-1,-1,-1
216,2,1541.81,882.59,91.02,196.41,0.3689,-1,-1,-1
217,2,1538.66,880.61,91.29,198.39,0.4067,-1,-1,-1
218,2,1536.27,878.68,90.78,200.32,0.3853,-1,-1,-1
219,2,1533.48,875.14,89.38,202.10,0.4483,-1,-1,-1
220,2,1530.69,871.39,87.45,203.58,0.5061,-1,-1,-1
221,2,1527.95,867.45,86.43,204.53,0.4773,-1,-1,-1
229,3,1515.82,828.72,78.36,202.86,0.4972,-1,-1,-1
230,3,1514.68,826.92,78.38,203.91,0.4933,-1,-1,-1
231,3,1511.91,825.00,80.02,204.80,0.4911,-1,-1,-1
232,3,1508.37,823.07,82.43,205.30,0.4666,-1,-1,-1
235,4,1495.71,810.85,84.96,203.00,0.5198,-1,-1,-1
236,4,1495.11,809.13,84.89,202.04,0.3834,-1,-1,-1
244,5,1483.86,776.15,85.16,195.27,0.4294,-1,-1,-1
245,5,1483.34,775.01,84.39,196.06,0.3527,-1,-1,-1
246,5,1482.35,773.49,83.96,196.71,0.3799,-1,-1,-1
247,5,1482.50,771.32,81.38,197.06,0.3675,-1,-1,-1
248,5,1481.79,767.47,79.13,197.77,0.4075,-1,-1,-1
249,5,1480.64,764.18,78.09,197.69,0.3929,-1,-1,-1
250,5,1479.50,761.12,77.56,197.78,0.3496,-1,-1,-1
263,6,1455.16,704.77,79.05,199.12,0.5222,-1,-1,-1
264,6,1455.75,701.81,77.76,199.44,0.4861,-1,-1,-1
265,6,1456.59,698.50,76.17,201.87,0.4432,-1,-1,-1
269,7,1454.56,676.25,76.40,185.55,0.4861,-1,-1,-1
270,7,1451.03,674.79,79.99,186.86,0.5287,-1,-1,-1
271,7,1449.43,673.34,80.86,188.06,0.4835,-1,-1,-1
272,7,1448.44,671.71,80.94,189.16,0.4411,-1,-1,-1
273,7,1448.18,669.57,78.86,190.58,0.4353,-1,-1,-1
274,7,1447.15,667.47,78.60,190.96,0.4114,-1,-1,-1
275,7,1445.70,665.26,78.42,191.21,0.3993,-1,-1,-1
276,7,1444.95,662.81,76.49,191.61,0.3857,-1,-1,-1
277,7,1444.41,659.26,73.68,192.15,0.4362,-1,-1,-1
278,7,1442.95,655.60,73.47,191.25,0.4490,-1,-1,-1
455,8,1041.83,718.25,57.33,157.01,0.4430,-1,-1,-1
456,8,1042.15,718.21,56.09,157.22,0.3410,-1,-1,-1
457,8,1042.61,718.76,54.84,156.87,0.3308,-1,-1,-1
458,8,1043.04,717.97,53.72,157.73,0.3349,-1,-1,-1
459,8,1043.48,717.20,52.82,158.40,0.3144,-1,-1,-1
460,8,1043.80,717.24,52.19,158.32,0.3055,-1,-1,-1
461,8,1043.72,718.09,52.38,157.58,0.2620,-1,-1,-1
462,8,1043.56,718.77,52.55,156.99,0.2715,-1,-1,-1
463,8,1043.65,719.82,52.27,156.23,0.3118,-1,-1,-1
464,8,1043.42,721.14,52.39,155.42,0.3159,-1,-1,-1
465,8,1043.05,722.29,52.75,154.71,0.2928,-1,-1,-1
466,8,1043.02,723.37,52.73,154.09,0.2527,-1,-1,-1
467,8,1043.48,723.76,51.87,153.99,0.3322,-1,-1,-1
468,8,1043.16,724.56,52.33,153.65,0.2974,-1,-1,-1
469,8,1042.30,725.50,53.31,153.38,0.3336,-1,-1,-1
470,8,1042.00,726.40,53.49,152.98,0.3125,-1,-1,-1
471,8,1041.55,727.11,53.97,152.66,0.3141,-1,-1,-1
472,8,1041.35,728.02,54.06,152.21,0.2912,-1,-1,-1
473,8,1041.02,728.77,54.37,151.72,0.2869,-1,-1,-1
474,8,1040.65,729.80,54.69,151.00,0.3126,-1,-1,-1
475,8,1041.10,730.71,53.83,150.61,0.3103,-1,-1,-1
476,8,1041.55,731.37,53.08,150.32,0.2840,-1,-1,-1
477,8,1041.71,731.87,52.76,150.12,0.2928,-1,-1,-1
571,9,283.55,669.45,61.63,184.97,0.5243,-1,-1,-1
572,9,282.81,669.75,62.61,184.91,0.5287,-1,-1,-1
573,9,282.57,670.11,62.53,184.68,0.5508,-1,-1,-1
574,9,284.36,670.37,59.66,184.65,0.5600,-1,-1,-1
575,9,285.72,670.89,58.00,184.40,0.5367,-1,-1,-1
576,9,286.22,671.21,57.78,184.46,0.5654,-1,-1,-1
577,9,284.93,671.38,59.71,184.43,0.5657,-1,-1,-1
578,9,285.28,671.95,59.36,183.96,0.5577,-1,-1,-1
579,9,284.68,672.39,60.40,183.58,0.5727,-1,-1,-1
580,9,285.05,672.86,60.15,183.27,0.5494,-1,-1,-1
581,9,285.58,673.54,59.63,183.02,0.5406,-1,-1,-1
582,9,285.40,674.82,59.80,182.50,0.5732,-1,-1,-1
583,9,285.81,675.54,59.11,182.37,0.5920,-1,-1,-1
584,9,286.14,676.47,58.91,181.83,0.5829,-1,-1,-1
585,9,285.61,677.08,59.37,181.39,0.5690,-1,-1,-1
586,9,286.30,677.23,57.77,181.31,0.5801,-1,-1,-1
587,9,286.39,677.63,57.52,181.00,0.5850,-1,-1,-1
588,9,286.46,677.89,57.21,180.81,0.5980,-1,-1,-1
589,9,286.62,678.25,56.67,180.65,0.6075,-1,-1,-1
590,9,286.73,678.71,56.12,180.29,0.6141,-1,-1,-1
591,9,286.50,678.80,56.47,180.07,0.5999,-1,-1,-1
592,9,286.41,678.45,56.12,180.35,0.5791,-1,-1,-1
593,9,286.34,678.19,55.85,180.59,0.5914,-1,-1,-1
594,9,286.30,678.51,55.78,180.31,0.5877,-1,-1,-1
595,9,286.14,678.88,56.24,180.08,0.6035,-1,-1,-1
596,9,285.86,679.25,56.39,179.90,0.5618,-1,-1,-1
597,9,285.74,680.57,56.65,178.88,0.5585,-1,-1,-1
598,9,285.57,681.78,56.96,177.88,0.5435,-1,-1,-1
599,9,285.54,681.14,56.58,178.45,0.5987,-1,-1,-1
600,9,285.43,680.98,56.51,178.49,0.5767,-1,-1,-1
601,9,285.21,681.32,56.57,178.05,0.5847,-1,-1,-1
602,9,284.64,683.02,57.33,176.55,0.4770,-1,-1,-1
603,9,284.82,684.01,56.83,176.06,0.5806,-1,-1,-1
604,9,284.70,684.55,56.93,175.84,0.5449,-1,-1,-1
605,9,284.65,685.35,56.14,175.33,0.5515,-1,-1,-1
606,9,284.50,685.76,55.14,175.15,0.5649,-1,-1,-1
607,9,284.17,686.19,54.36,174.95,0.5873,-1,-1,-1
608,9,284.06,686.22,53.77,175.01,0.5904,-1,-1,-1
609,9,283.13,686.26,54.41,175.06,0.5518,-1,-1,-1
610,9,283.38,686.94,53.51,174.49,0.5284,-1,-1,-1
611,9,283.55,687.43,53.09,174.05,0.5503,-1,-1,-1
612,9,283.90,687.01,52.32,174.77,0.5563,-1,-1,-1
613,9,284.25,686.75,51.67,175.28,0.5337,-1,-1,-1
614,9,284.27,686.54,51.61,175.89,0.5133,-1,-1,-1
615,9,284.32,686.16,51.51,176.52,0.4756,-1,-1,-1
616,9,284.16,686.16,51.82,176.72,0.4867,-1,-1,-1
617,9,284.46,686.48,51.39,176.58,0.4780,-1,-1,-1
618,9,284.54,686.64,51.22,176.61,0.4620,-1,-1,-1
619,9,284.45,687.01,51.26,176.62,0.4847,-1,-1,-1
620,9,284.64,686.85,50.99,177.15,0.4767,-1,-1,-1
621,9,284.71,686.89,50.69,177.42,0.4549,-1,-1,-1
622,9,284.70,686.68,50.62,177.87,0.4566,-1,-1,-1
623,9,285.11,687.16,50.13,177.75,0.5129,-1,-1,-1
624,9,285.21,687.88,50.11,177.50,0.5219,-1,-1,-1
625,9,284.93,688.27,50.51,177.50,0.5121,-1,-1,-1
626,9,284.84,688.68,50.68,177.44,0.5124,-1,-1,-1
627,9,284.99,688.75,50.46,177.69,0.4953,-1,-1,-1
628,9,285.03,689.01,50.44,177.76,0.4986,-1,-1,-1
629,9,285.00,689.59,50.64,177.29,0.5079,-1,-1,-1
630,9,285.06,690.31,50.42,176.82,0.4841,-1,-1,-1
631,9,284.96,691.21,50.73,176.16,0.4965,-1,-1,-1
632,9,284.78,692.19,51.16,175.89,0.5082,-1,-1,-1
633,9,284.76,693.04,51.20,175.45,0.5040,-1,-1,-1
634,9,284.72,693.45,51.31,175.42,0.4942,-1,-1,-1
635,9,284.68,693.81,51.44,175.27,0.5036,-1,-1,-1
636,9,284.55,694.15,51.56,175.17,0.5241,-1,-1,-1
637,9,284.72,694.28,51.23,175.36,0.5332,-1,-1,-1
638,9,284.59,693.96,51.36,175.75,0.4930,-1,-1,-1
639,9,284.46,694.23,51.49,175.92,0.5229,-1,-1,-1
640,9,284.10,694.60,51.86,176.07,0.5281,-1,-1,-1
641,9,284.08,694.88,51.82,176.24,0.5168,-1,-1,-1
642,9,283.93,695.64,52.04,176.04,0.5241,-1,-1,-1
643,9,283.61,696.31,52.46,175.72,0.5058,-1,-1,-1
644,9,283.55,696.57,52.41,175.73,0.4963,-1,-1,-1
645,9,283.62,696.78,52.46,175.76,0.4923,-1,-1,-1
646,9,283.88,697.10,52.25,175.66,0.4859,-1,-1,-1
647,9,284.12,697.51,51.89,175.61,0.5081,-1,-1,-1
648,9,284.03,697.78,51.98,176.04,0.4878,-1,-1,-1
649,9,284.06,698.35,51.93,175.86,0.4488,-1,-1,-1
650,9,284.34,698.74,51.48,175.98,0.4658,-1,-1,-1
651,9,284.42,699.88,51.68,175.41,0.4581,-1,-1,-1
652,9,284.36,700.17,51.78,175.83,0.4457,-1,-1,-1
653,9,284.49,700.46,51.78,176.10,0.4432,-1,-1,-1
654,9,284.34,701.05,52.09,176.20,0.4473,-1,-1,-1
655,9,284.78,701.61,51.45,176.20,0.4578,-1,-1,-1
656,9,285.26,701.95,51.06,176.45,0.4420,-1,-1,-1
657,9,285.92,701.89,50.52,176.92,0.4463,-1,-1,-1
658,9,286.61,701.94,49.94,177.17,0.4416,-1,-1,-1
659,9,286.92,702.02,49.79,177.48,0.4498,-1,-1,-1
660,9,286.96,702.50,50.04,177.25,0.4346,-1,-1,-1
661,9,287.05,703.45,50.04,176.95,0.4634,-1,-1,-1
662,9,287.12,704.34,50.19,176.46,0.4380,-1,-1,-1
663,9,287.25,705.44,50.11,176.01,0.4536,-1,-1,-1
664,9,286.67,705.62,51.14,176.13,0.4273,-1,-1,-1
665,9,286.88,706.05,50.95,176.19,0.4455,-1,-1,-1
666,9,286.32,706.39,51.82,176.24,0.4291,-1,-1,-1
667,9,286.89,707.32,51.21,175.77,0.4156,-1,-1,-1
668,9,287.35,708.26,51.02,175.43,0.4317,-1,-1,-1
669,9,287.38,709.04,51.33,175.13,0.3840,-1,-1,-1
670,9,287.41,709.68,51.57,174.83,0.3822,-1,-1,-1
671,9,287.63,710.26,51.46,174.72,0.3953,-1,-1,-1
672,9,287.42,710.70,51.93,174.71,0.3718,-1,-1,-1
673,9,287.46,711.17,51.86,175.00,0.3808,-1,-1,-1
674,9,287.72,711.67,51.64,175.18,0.3690,-1,-1,-1
675,9,287.86,712.11,51.43,175.25,0.3584,-1,-1,-1
676,9,287.30,712.29,52.12,175.41,0.3930,-1,-1,-1
677,9,287.41,712.45,52.16,175.50,0.4100,-1,-1,-1
678,9,286.37,712.60,53.50,175.67,0.4005,-1,-1,-1
679,9,284.20,712.65,56.46,175.88,0.3781,-1,-1,-1
680,9,282.69,712.67,58.22,176.11,0.3717,-1,-1,-1
681,9,284.56,712.51,55.32,176.30,0.4130,-1,-1,-1
682,9,284.86,712.63,54.96,176.76,0.4222,-1,-1,-1
683,9,285.54,713.01,54.36,176.84,0.4234,-1,-1,-1
684,9,285.53,713.37,54.48,176.86,0.3067,-1,-1,-1
685,9,286.18,713.59,53.73,177.08,0.3414,-1,-1,-1
686,9,286.48,713.76,53.56,177.18,0.3098,-1,-1,-1
687,9,287.57,714.07,52.33,177.29,0.3369,-1,-1,-1
688,9,288.70,714.45,51.37,177.44,0.3220,-1,-1,-1
689,9,289.75,714.78,50.61,177.51,0.2726,-1,-1,-1
690,9,290.69,714.62,50.05,177.85,0.2833,-1,-1,-1
1407,10,306.42,699.50,65.42,179.03,0.5121,-1,-1,-1
1408,10,306.84,699.45,65.71,179.18,0.5364,-1,-1,-1
1409,10,307.13,699.39,66.37,179.34,0.4952,-1,-1,-1
1410,10,306.96,700.10,68.27,178.74,0.4122,-1,-1,-1
1411,10,307.05,700.26,70.39,178.71,0.4006,-1,-1,-1
1412,10,308.07,699.85,71.43,179.20,0.3866,-1,-1,-1
1413,10,308.59,699.46,73.18,179.63,0.3714,-1,-1,-1
1414,10,309.40,698.93,75.36,180.35,0.3995,-1,-1,-1
1415,10,310.30,698.75,77.05,180.71,0.4113,-1,-1,-1
1416,10,312.10,698.65,77.18,180.98,0.4305,-1,-1,-1
1417,10,312.66,698.84,78.22,181.05,0.4039,-1,-1,-1
1418,10,315.69,698.63,75.05,181.42,0.3783,-1,-1,-1
1419,10,317.66,698.40,73.31,181.73,0.3388,-1,-1,-1
1420,10,319.29,698.21,72.08,181.95,0.3544,-1,-1,-1
1421,10,320.03,698.09,71.83,182.01,0.3666,-1,-1,-1
1422,10,321.30,698.04,70.88,182.01,0.3411,-1,-1,-1
1423,10,323.20,697.74,69.00,182.35,0.3689,-1,-1,-1
1424,10,324.35,697.50,68.34,182.70,0.4020,-1,-1,-1
1425,10,325.81,695.88,67.01,184.17,0.4073,-1,-1,-1
1426,10,326.85,694.64,66.57,185.41,0.4028,-1,-1,-1
1427,10,327.79,692.59,66.11,187.21,0.4143,-1,-1,-1
1428,10,328.38,690.95,66.08,188.79,0.4072,-1,-1,-1
1429,10,328.39,689.93,66.59,189.93,0.4006,-1,-1,-1
1430,10,327.17,689.15,68.70,190.76,0.3996,-1,-1,-1
1431,10,325.03,688.88,72.24,191.18,0.4162,-1,-1,-1
1432,10,325.19,689.10,72.28,191.10,0.3905,-1,-1,-1
1433,10,324.82,688.82,72.85,191.44,0.3620,-1,-1,-1
1434,10,322.62,689.16,75.76,191.62,0.3830,-1,-1,-1
1435,10,320.40,689.23,78.37,191.91,0.3804,-1,-1,-1
1436,10,317.50,689.47,81.64,192.04,0.3645,-1,-1,-1
1437,10,316.78,689.55,81.37,192.50,0.3622,-1,-1,-1
1438,10,316.57,689.05,80.41,193.65,0.3506,-1,-1,-1
1439,10,315.95,688.56,80.25,194.59,0.3322,-1,-1,-1
1440,10,315.17,688.00,80.48,195.50,0.3389,-1,-1,-1
1441,10,314.13,688.13,81.23,195.60,0.3135,-1,-1,-1
1442,10,313.31,688.22,81.94,195.74,0.3094,-1,-1,-1
1443,10,312.72,688.62,82.15,195.54,0.2996,-1,-1,-1
1444,10,312.00,688.68,82.16,195.85,0.3546,-1,-1,-1
1445,10,311.29,688.74,82.44,195.99,0.3582,-1,-1,-1
1446,10,311.03,688.77,82.22,196.14,0.3531,-1,-1,-1
1447,10,311.27,688.90,81.59,195.88,0.3645,-1,-1,-1
1448,10,310.98,688.98,81.64,195.99,0.3527,-1,-1,-1
1449,10,311.22,689.00,80.91,196.06,0.3267,-1,-1,-1
1450,10,310.83,688.88,81.17,196.29,0.3473,-1,-1,-1
1451,10,310.39,689.06,81.53,196.06,0.3691,-1,-1,-1
1452,10,310.29,689.60,81.53,195.53,0.3836,-1,-1,-1
1453,10,310.18,690.10,81.53,195.37,0.3721,-1,-1,-1
1454,10,310.26,690.35,81.38,195.31,0.3695,-1,-1,-1
1455,10,310.58,691.38,81.34,194.76,0.4225,-1,-1,-1
1456,10,310.61,692.26,81.28,194.14,0.4123,-1,-1,-1
1457,10,309.34,693.81,82.98,193.35,0.4376,-1,-1,-1
1458,10,309.84,695.14,82.14,192.70,0.4442,-1,-1,-1
1459,10,310.51,696.05,80.92,192.19,0.4171,-1,-1,-1
1460,10,311.46,696.41,79.66,191.92,0.4183,-1,-1,-1
1461,10,311.60,696.76,79.71,191.69,0.3927,-1,-1,-1
1462,10,312.29,697.36,78.65,191.23,0.3988,-1,-1,-1
1463,10,312.75,697.72,77.24,190.86,0.3994,-1,-1,-1
1464,10,313.77,697.99,75.26,190.73,0.3556,-1,-1,-1
1465,10,313.60,698.39,75.18,190.52,0.3294,-1,-1,-1
1466,10,315.68,698.68,71.27,190.42,0.3299,-1,-1,-1
1467,10,317.30,698.99,68.24,190.29,0.3025,-1,-1,-1
1468,10,318.22,699.24,66.67,190.19,0.2988,-1,-1,-1
1469,10,318.71,699.71,66.13,189.86,0.2682,-1,-1,-1
1470,10,319.25,699.96,65.51,189.74,0.2593,-1,-1,-1
2191,11,313.50,708.82,72.81,180.43,0.4759,-1,-1,-1
2192,11,313.85,708.63,72.12,180.53,0.4464,-1,-1,-1
2193,11,313.66,708.42,72.34,180.65,0.4536,-1,-1,-1
2194,11,313.64,708.22,72.53,180.85,0.3914,-1,-1,-1
2195,11,313.53,708.13,72.89,180.97,0.4065,-1,-1,-1
2196,11,313.75,707.59,72.51,181.58,0.4444,-1,-1,-1
2197,11,313.71,707.54,72.66,181.58,0.3860,-1,-1,-1
2198,11,313.24,707.56,73.59,181.56,0.3684,-1,-1,-1
2199,11,312.61,707.47,74.62,181.62,0.3719,-1,-1,-1
2200,11,312.47,707.71,74.88,181.44,0.3182,-1,-1,-1
2201,11,312.45,707.74,74.82,181.47,0.2892,-1,-1,-1
2202,11,312.46,707.23,75.12,182.10,0.2959,-1,-1,-1
2203,11,312.87,706.69,74.45,182.51,0.2779,-1,-1,-1
2204,11,313.10,706.17,74.24,182.84,0.3128,-1,-1,-1
2205,11,312.69,705.72,74.65,182.79,0.2947,-1,-1,-1
2206,11,313.07,705.40,73.89,182.68,0.2753,-1,-1,-1
2207,11,312.52,705.00,74.74,182.44,0.2822,-1,-1,-1
2208,11,312.45,704.58,74.98,182.26,0.2720,-1,-1,-1
2209,11,313.23,703.37,73.74,182.56,0.2988,-1,-1,-1
2251,12,1402.90,558.73,71.80,186.91,0.4376,-1,-1,-1
2252,12,1402.75,556.22,71.44,186.82,0.4308,-1,-1,-1
2253,12,1402.23,553.57,71.61,185.64,0.4331,-1,-1,-1
2536,13,355.56,685.60,64.95,180.84,0.4924,-1,-1,-1
2537,13,355.44,685.43,65.78,180.95,0.4829,-1,-1,-1
2538,13,355.17,685.29,66.57,181.05,0.4151,-1,-1,-1
2539,13,355.14,685.00,66.69,181.21,0.5309,-1,-1,-1
2540,13,355.17,685.03,66.47,181.09,0.4297,-1,-1,-1
2541,13,354.82,684.96,66.72,181.18,0.4582,-1,-1,-1
2542,13,354.46,684.77,66.69,181.22,0.4585,-1,-1,-1
2543,13,354.16,684.66,66.62,181.38,0.4562,-1,-1,-1
2544,13,354.34,684.59,65.89,181.49,0.4654,-1,-1,-1
2545,13,353.83,684.68,66.54,181.25,0.4688,-1,-1,-1
2546,13,353.54,684.45,66.54,181.12,0.4535,-1,-1,-1
2547,13,352.75,683.96,67.38,181.15,0.4757,-1,-1,-1
2548,13,352.64,683.52,67.05,181.23,0.4902,-1,-1,-1
2549,13,352.14,683.31,68.16,181.20,0.4791,-1,-1,-1
2550,13,352.07,683.09,68.29,181.21,0.4541,-1,-1,-1
2551,13,351.59,682.78,68.89,180.97,0.4468,-1,-1,-1
2552,13,351.68,682.51,68.52,180.87,0.4374,-1,-1,-1
2553,13,351.61,682.26,68.44,180.61,0.4380,-1,-1,-1
2554,13,351.17,682.14,68.63,180.40,0.4675,-1,-1,-1
2555,13,351.45,681.75,68.22,180.23,0.4623,-1,-1,-1
2556,13,351.69,681.44,67.57,180.13,0.5068,-1,-1,-1
2557,13,351.15,681.24,67.74,180.03,0.5092,-1,-1,-1
2558,13,351.06,681.00,66.97,179.87,0.4877,-1,-1,-1
2559,13,350.64,680.75,67.12,179.78,0.4919,-1,-1,-1
2560,13,350.23,680.58,67.23,179.51,0.5228,-1,-1,-1
2561,13,349.90,680.16,67.55,179.58,0.5286,-1,-1,-1
2562,13,351.60,679.88,65.17,179.69,0.4782,-1,-1,-1
2563,13,352.69,680.04,63.76,179.40,0.5021,-1,-1,-1
2564,13,352.68,679.52,64.08,179.56,0.5123,-1,-1,-1
2565,13,353.26,679.09,63.30,179.68,0.5351,-1,-1,-1
2566,13,352.90,678.39,63.69,179.99,0.5327,-1,-1,-1
2567,13,353.20,677.76,63.23,180.15,0.5439,-1,-1,-1
2568,13,352.96,677.15,63.58,180.18,0.5330,-1,-1,-1
2569,13,353.06,676.39,63.49,180.14,0.5290,-1,-1,-1
2570,13,353.14,675.80,63.38,180.25,0.5418,-1,-1,-1
2571,13,352.38,675.13,64.41,180.35,0.5516,-1,-1,-1
2572,13,353.42,674.73,62.90,180.47,0.5609,-1,-1,-1
2573,13,353.96,674.39,62.43,180.38,0.5719,-1,-1,-1
2574,13,354.35,674.18,62.14,180.24,0.5548,-1,-1,-1
2575,13,355.24,674.02,61.79,180.15,0.5036,-1,-1,-1
2576,13,355.84,673.94,61.46,180.22,0.5078,-1,-1,-1
2577,13,356.14,673.95,61.46,180.25,0.4415,-1,-1,-1
2578,13,356.14,674.06,61.87,180.15,0.4669,-1,-1,-1
2579,13,357.13,674.11,61.06,180.12,0.4689,-1,-1,-1
2580,13,356.82,674.07,62.14,179.75,0.4330,-1,-1,-1
2581,13,357.07,673.97,62.25,179.11,0.4152,-1,-1,-1
2582,13,357.20,674.02,62.24,178.94,0.4401,-1,-1,-1
2583,13,356.01,673.91,64.35,177.84,0.4201,-1,-1,-1
2584,13,353.99,673.60,67.62,175.47,0.4223,-1,-1,-1
2585,13,353.35,673.35,68.37,173.39,0.4233,-1,-1,-1
2586,13,353.02,673.12,68.32,171.82,0.4004,-1,-1,-1
2587,13,353.44,673.05,67.84,168.61,0.4897,-1,-1,-1
2588,13,354.03,672.93,66.89,165.82,0.5276,-1,-1,-1
2589,13,355.25,672.81,64.96,163.70,0.5504,-1,-1,-1
2590,13,355.96,672.63,63.78,161.57,0.5456,-1,-1,-1
2591,13,356.62,672.96,62.59,161.07,0.4980,-1,-1,-1
2592,13,357.27,673.07,61.15,162.78,0.3912,-1,-1,-1
2593,13,357.18,673.23,61.18,165.05,0.3885,-1,-1,-1
2594,13,356.36,673.69,61.68,167.14,0.3726,-1,-1,-1
2595,13,355.48,674.18,62.52,168.81,0.3685,-1,-1,-1
2596,13,355.29,674.56,62.12,170.38,0.3751,-1,-1,-1
2597,13,354.43,674.83,62.68,171.39,0.3738,-1,-1,-1
2598,13,352.42,675.00,65.50,172.39,0.3854,-1,-1,-1
2599,13,351.96,675.13,66.13,173.20,0.3915,-1,-1,-1
2600,13,352.29,675.30,65.63,173.63,0.3486,-1,-1,-1
2601,13,351.52,675.29,66.64,174.16,0.3550,-1,-1,-1
2602,13,351.05,675.32,67.21,174.96,0.3610,-1,-1,-1
2603,13,351.00,675.10,67.55,175.92,0.3842,-1,-1,-1
2604,13,351.02,674.86,67.76,176.73,0.3783,-1,-1,-1
2605,13,351.59,674.61,67.04,177.34,0.3926,-1,-1,-1
2606,13,352.08,674.37,66.23,177.84,0.4355,-1,-1,-1
2607,13,352.17,674.13,66.18,178.25,0.4288,-1,-1,-1
2608,13,352.10,674.04,66.85,178.53,0.4008,-1,-1,-1
2609,13,352.50,674.01,66.46,178.73,0.3885,-1,-1,-1
2610,13,353.13,673.95,65.82,178.91,0.3696,-1,-1,-1
2611,13,353.00,673.93,65.65,179.04,0.3818,-1,-1,-1
2612,13,352.47,674.03,65.83,179.06,0.3487,-1,-1,-1
2613,13,352.05,674.12,65.85,179.07,0.3539,-1,-1,-1
2614,13,351.97,674.22,65.21,179.20,0.3841,-1,-1,-1
2615,13,352.20,674.29,64.24,179.38,0.3794,-1,-1,-1
2616,13,352.05,674.58,64.08,179.34,0.3866,-1,-1,-1
2617,13,352.23,674.90,63.63,179.09,0.3840,-1,-1,-1
2618,13,352.11,675.19,63.88,179.10,0.3918,-1,-1,-1
2619,13,352.61,675.55,63.74,178.70,0.4237,-1,-1,-1
2620,13,352.44,675.71,64.43,178.44,0.4491,-1,-1,-1
2621,13,352.32,676.01,65.49,178.40,0.4236,-1,-1,-1
2622,13,352.07,676.12,66.42,178.35,0.4358,-1,-1,-1
2623,13,350.83,675.94,68.33,178.69,0.4734,-1,-1,-1
2624,13,350.36,676.40,68.80,178.49,0.4787,-1,-1,-1
2625,13,350.54,676.54,68.68,178.63,0.4982,-1,-1,-1
2626,13,351.10,676.65,68.08,178.92,0.5061,-1,-1,-1
2627,13,350.64,676.89,68.74,178.89,0.4953,-1,-1,-1
2628,13,350.07,677.11,69.26,178.92,0.5024,-1,-1,-1
2629,13,349.95,677.30,69.02,178.90,0.5124,-1,-1,-1
2630,13,349.84,677.36,68.78,179.16,0.5354,-1,-1,-1
2631,13,349.14,677.47,69.63,179.11,0.5279,-1,-1,-1
2632,13,349.56,678.05,68.65,178.84,0.5162,-1,-1,-1
2633,13,350.25,678.65,67.43,178.69,0.5113,-1,-1,-1
2634,13,350.29,678.89,67.36,178.74,0.5173,-1,-1,-1
2635,13,349.60,679.14,68.50,178.73,0.5157,-1,-1,-1
2636,13,350.16,679.36,67.92,178.84,0.5364,-1,-1,-1
2637,13,349.89,679.59,68.61,178.96,0.5493,-1,-1,-1
2638,13,349.83,680.01,68.61,178.98,0.5145,-1,-1,-1
2639,13,349.27,680.37,69.39,178.94,0.5244,-1,-1,-1
2640,13,348.38,680.63,71.30,178.98,0.5066,-1,-1,-1
2641,13,347.62,680.93,72.32,178.88,0.4947,-1,-1,-1
2642,13,347.44,681.17,72.93,178.85,0.4976,-1,-1,-1
2643,13,348.09,681.38,71.80,179.04,0.4801,-1,-1,-1
2644,13,347.90,681.64,71.87,179.13,0.4780,-1,-1,-1
2645,13,347.43,681.96,72.11,179.12,0.4778,-1,-1,-1
2646,13,346.84,682.18,72.45,179.07,0.4712,-1,-1,-1
2647,13,346.91,682.54,72.08,179.14,0.4444,-1,-1,-1
2648,13,347.09,682.80,71.82,179.32,0.4569,-1,-1,-1
2649,13,347.21,682.82,71.95,179.39,0.4610,-1,-1,-1
2650,13,347.32,682.86,71.73,179.42,0.4703,-1,-1,-1
2651,13,347.07,682.85,72.30,179.60,0.4959,-1,-1,-1
2652,13,347.49,682.84,71.79,179.62,0.4756,-1,-1,-1
2653,13,347.37,682.81,72.24,179.58,0.4457,-1,-1,-1
2654,13,346.96,682.72,73.26,179.62,0.4741,-1,-1,-1
2655,13,347.07,682.80,73.08,179.62,0.2863,-1,-1,-1
2656,13,347.20,682.63,72.86,179.69,0.5057,-1,-1,-1
2657,13,347.01,682.54,73.16,179.63,0.4997,-1,-1,-1
2658,13,347.10,682.46,73.53,179.61,0.4925,-1,-1,-1
2659,13,347.02,682.43,73.93,179.57,0.4871,-1,-1,-1
2660,13,347.15,682.33,74.09,179.70,0.4546,-1,-1,-1
2661,13,347.29,682.28,73.94,179.80,0.4250,-1,-1,-1
2662,13,347.83,682.20,73.21,179.86,0.4807,-1,-1,-1
2663,13,348.28,682.12,72.45,179.98,0.4783,-1,-1,-1
2664,13,347.86,681.93,73.22,180.12,0.4850,-1,-1,-1
2665,13,348.41,681.90,72.87,180.10,0.4724,-1,-1,-1
2666,13,349.91,681.86,71.09,179.89,0.4911,-1,-1,-1
2667,13,350.19,681.85,70.94,179.93,0.4937,-1,-1,-1
2668,13,350.88,681.63,70.23,179.72,0.4814,-1,-1,-1
2669,13,350.87,681.41,70.80,179.64,0.5125,-1,-1,-1
2670,13,351.45,681.28,70.25,179.57,0.5031,-1,-1,-1
2671,13,351.63,681.17,70.13,179.51,0.5152,-1,-1,-1
2672,13,351.82,681.08,70.15,179.51,0.5166,-1,-1,-1
2673,13,351.35,681.02,70.58,179.49,0.5194,-1,-1,-1
2674,13,350.84,681.03,71.10,179.49,0.5012,-1,-1,-1
2675,13,351.44,680.77,70.03,179.62,0.5118,-1,-1,-1
2676,13,352.11,680.58,69.28,179.76,0.5401,-1,-1,-1
2677,13,352.08,680.15,69.49,179.85,0.5409,-1,-1,-1
2678,13,351.11,679.82,70.79,179.92,0.5505,-1,-1,-1
2679,13,349.62,679.65,72.35,179.73,0.5493,-1,-1,-1
2680,13,349.76,679.19,71.15,179.77,0.5670,-1,-1,-1
2681,13,349.50,678.87,70.99,179.76,0.5539,-1,-1,-1
2682,13,349.61,678.57,70.68,179.77,0.5388,-1,-1,-1
2683,13,348.25,677.78,72.51,179.84,0.5184,-1,-1,-1
2684,13,347.76,677.19,72.88,179.88,0.5357,-1,-1,-1
2685,13,347.41,676.70,73.13,180.04,0.5456,-1,-1,-1
2686,13,346.95,676.37,73.47,179.93,0.5340,-1,-1,-1
2687,13,346.83,675.65,73.52,179.93,0.5496,-1,-1,-1
2688,13,347.05,675.15,72.40,180.01,0.5471,-1,-1,-1
2689,13,347.39,674.88,71.67,180.03,0.5352,-1,-1,-1
2690,13,347.74,674.65,71.03,180.02,0.5530,-1,-1,-1
2691,13,347.90,674.40,71.08,180.07,0.5390,-1,-1,-1
2692,13,347.10,674.21,72.59,180.30,0.5106,-1,-1,-1
2693,13,346.65,674.07,73.38,180.15,0.4925,-1,-1,-1
2694,13,346.71,673.94,73.29,180.08,0.4847,-1,-1,-1
2695,13,346.57,673.89,73.58,179.95,0.5013,-1,-1,-1
2696,13,346.41,673.89,73.68,179.91,0.4923,-1,-1,-1
2697,13,346.71,673.81,73.25,179.63,0.5023,-1,-1,-1
2698,13,347.62,673.69,71.94,179.49,0.4902,-1,-1,-1
2699,13,347.79,673.58,71.76,179.32,0.4956,-1,-1,-1
2700,13,347.82,673.54,71.63,179.31,0.4831,-1,-1,-1
2701,13,348.21,673.51,71.11,179.32,0.4739,-1,-1,-1
2702,13,349.04,673.51,69.95,179.32,0.4799,-1,-1,-1
2703,13,349.87,673.44,69.23,179.33,0.5249,-1,-1,-1
2704,13,350.12,673.47,68.94,179.22,0.5048,-1,-1,-1
2705,13,348.83,673.15,71.11,179.07,0.4767,-1,-1,-1
2706,13,349.19,672.93,70.64,179.05,0.4671,-1,-1,-1
2707,13,349.11,672.66,70.96,179.13,0.4499,-1,-1,-1
2708,13,349.85,672.44,70.12,179.12,0.4614,-1,-1,-1
2709,13,349.56,672.36,70.80,179.07,0.4621,-1,-1,-1
2710,13,350.76,672.11,69.30,179.30,0.4876,-1,-1,-1
2711,13,351.53,672.02,68.39,179.42,0.4815,-1,-1,-1
2712,13,350.94,671.77,68.65,179.40,0.4745,-1,-1,-1
2713,13,351.29,671.59,68.03,179.39,0.4492,-1,-1,-1
2714,13,350.45,671.56,68.70,179.31,0.4146,-1,-1,-1
2715,13,350.22,671.33,68.70,179.27,0.4387,-1,-1,-1
2716,13,350.90,671.16,67.13,179.25,0.4140,-1,-1,-1
2717,13,351.36,670.91,66.30,179.25,0.3830,-1,-1,-1
2718,13,350.12,670.52,67.82,179.42,0.3964,-1,-1,-1
2719,13,350.44,670.23,67.11,179.63,0.4148,-1,-1,-1
2720,13,349.84,669.96,68.12,179.73,0.3796,-1,-1,-1
2721,13,349.57,669.66,68.49,179.75,0.3824,-1,-1,-1
2722,13,349.64,669.35,68.53,179.75,0.3519,-1,-1,-1
2723,13,350.41,668.82,67.12,179.64,0.3308,-1,-1,-1
2724,13,350.64,668.30,66.63,179.49,0.3127,-1,-1,-1
2725,13,349.79,667.51,67.42,179.55,0.3385,-1,-1,-1
2726,13,350.01,666.82,66.80,179.54,0.3390,-1,-1,-1
2727,13,349.58,665.88,66.62,179.92,0.3010,-1,-1,-1
2728,13,348.69,664.63,66.63,180.38,0.3300,-1,-1,-1
2729,13,348.24,663.47,65.27,180.59,0.3273,-1,-1,-1
2730,13,347.00,662.62,65.82,180.81,0.2918,-1,-1,-1
2731,13,345.58,661.38,65.81,180.15,0.3098,-1,-1,-1
2732,13,344.74,660.37,65.39,179.66,0.3075,-1,-1,-1
2733,13,343.91,659.78,64.66,178.95,0.3158,-1,-1,-1
2734,13,342.40,659.60,64.19,179.31,0.3413,-1,-1,-1
2735,13,341.32,659.77,63.83,179.98,0.3202,-1,-1,-1
2736,13,341.53,659.84,61.12,180.46,0.3258,-1,-1,-1
2737,13,341.64,659.78,59.33,180.57,0.2866,-1,-1,-1
2770,13,328.94,658.80,68.45,181.47,0.5103,-1,-1,-1
2771,13,329.79,658.50,67.08,182.09,0.4998,-1,-1,-1
2772,13,330.10,658.54,66.72,182.28,0.4904,-1,-1,-1
2773,13,330.53,658.33,66.07,182.76,0.4859,-1,-1,-1
2774,13,330.62,658.22,65.97,183.09,0.4753,-1,-1,-1
2775,13,330.70,658.23,65.99,183.10,0.4713,-1,-1,-1
2776,13,330.70,658.18,66.05,183.13,0.4417,-1,-1,-1
2777,13,330.87,658.28,66.06,183.00,0.4587,-1,-1,-1
2778,13,330.98,658.42,65.92,182.94,0.4520,-1,-1,-1
2779,13,330.70,658.50,66.06,182.85,0.4517,-1,-1,-1
2780,13,330.64,658.59,65.80,182.80,0.4395,-1,-1,-1
2781,13,330.38,658.74,66.56,182.67,0.4261,-1,-1,-1
2782,13,330.10,658.80,67.08,182.64,0.3966,-1,-1,-1
2783,13,329.86,659.21,67.81,182.23,0.4414,-1,-1,-1
2784,13,329.76,659.39,67.99,182.02,0.4569,-1,-1,-1
2785,13,329.83,659.59,68.06,181.91,0.4648,-1,-1,-1
2786,13,329.68,659.67,68.33,181.73,0.4777,-1,-1,-1
2787,13,329.20,659.70,69.01,181.61,0.4777,-1,-1,-1
2788,13,329.68,659.75,68.47,181.35,0.4437,-1,-1,-1
2789,13,329.63,659.68,68.76,181.16,0.4268,-1,-1,-1
2790,13,330.04,659.64,68.61,181.31,0.4438,-1,-1,-1
2791,13,330.50,659.67,68.17,181.33,0.4256,-1,-1,-1
2792,13,331.60,659.57,66.69,181.31,0.4746,-1,-1,-1
2793,13,331.74,659.52,66.64,181.21,0.4531,-1,-1,-1
2794,13,331.19,659.38,67.70,181.19,0.4143,-1,-1,-1
2795,13,330.44,659.46,68.74,181.01,0.4214,-1,-1,-1
2796,13,331.40,659.76,67.06,180.58,0.4389,-1,-1,-1
2797,13,331.60,659.99,66.84,180.19,0.4444,-1,-1,-1
2798,13,331.41,659.95,67.32,180.09,0.4196,-1,-1,-1
2799,13,331.43,660.07,67.17,179.89,0.4191,-1,-1,-1
2800,13,331.21,660.23,67.36,179.71,0.4080,-1,-1,-1
2801,13,330.86,660.71,67.56,179.22,0.4085,-1,-1,-1
2802,13,330.66,661.08,67.60,178.87,0.4012,-1,-1,-1
2803,13,330.28,661.52,68.11,178.48,0.3908,-1,-1,-1
2804,13,330.09,662.13,68.30,177.88,0.4233,-1,-1,-1
2805,13,330.03,661.95,68.04,177.99,0.4149,-1,-1,-1
2806,13,329.90,661.74,68.06,178.11,0.4155,-1,-1,-1
2807,13,329.56,662.81,68.71,177.23,0.4257,-1,-1,-1
2808,13,329.13,664.62,69.41,175.72,0.4269,-1,-1,-1
2809,13,329.13,666.37,69.97,174.14,0.4739,-1,-1,-1
2810,13,329.81,666.54,68.85,173.93,0.5046,-1,-1,-1
2811,13,329.82,668.46,69.30,172.27,0.4910,-1,-1,-1
2812,13,330.28,668.05,68.58,172.69,0.4623,-1,-1,-1
2813,13,330.23,668.62,68.74,172.28,0.4435,-1,-1,-1
2814,13,330.49,668.40,68.25,172.64,0.4437,-1,-1,-1
2815,13,330.43,668.74,68.49,172.32,0.4541,-1,-1,-1
2816,13,330.74,668.46,67.56,172.70,0.4742,-1,-1,-1
2817,13,330.65,668.47,67.32,172.54,0.4750,-1,-1,-1
2818,13,330.00,669.65,68.77,171.53,0.4528,-1,-1,-1
2819,13,330.23,670.95,68.54,170.60,0.4696,-1,-1,-1
2820,13,330.03,671.42,69.18,170.28,0.4626,-1,-1,-1
2821,13,330.49,670.80,68.86,170.95,0.5069,-1,-1,-1
2822,13,331.48,669.74,67.18,172.07,0.5217,-1,-1,-1
2823,13,331.14,670.37,67.85,171.61,0.4887,-1,-1,-1
2824,13,331.21,670.17,67.68,171.76,0.4803,-1,-1,-1
2825,13,331.35,669.01,67.58,173.06,0.4874,-1,-1,-1
2826,13,331.52,667.99,67.01,174.01,0.4810,-1,-1,-1
2827,13,331.44,667.67,67.11,174.33,0.5078,-1,-1,-1
2828,13,331.59,667.30,66.96,174.70,0.5329,-1,-1,-1
2829,13,331.18,668.18,68.08,173.88,0.4746,-1,-1,-1
2830,13,331.02,668.95,69.24,173.27,0.4616,-1,-1,-1
2831,13,331.72,667.52,68.64,174.56,0.4586,-1,-1,-1
2832,13,331.62,667.71,69.47,174.62,0.4177,-1,-1,-1
2833,13,332.61,667.19,68.50,175.23,0.3969,-1,-1,-1
2834,13,333.74,665.26,66.87,176.82,0.4219,-1,-1,-1
2835,13,334.23,664.09,66.64,177.97,0.4082,-1,-1,-1
2836,13,335.20,661.60,65.61,180.39,0.4500,-1,-1,-1
2837,13,336.82,659.79,64.19,181.92,0.4131,-1,-1,-1
2838,13,339.22,658.71,62.23,182.80,0.4088,-1,-1,-1
2839,13,340.86,657.49,61.80,184.08,0.4253,-1,-1,-1
2840,13,343.55,656.49,60.25,185.32,0.4439,-1,-1,-1
2841,13,344.88,656.39,60.83,185.61,0.4254,-1,-1,-1
2842,13,345.76,656.99,61.74,185.34,0.4538,-1,-1,-1
2843,13,346.35,657.12,62.87,185.28,0.4760,-1,-1,-1
2844,13,346.86,658.27,64.16,184.14,0.4648,-1,-1,-1
2845,13,348.01,658.63,64.21,183.32,0.4523,-1,-1,-1
2846,13,348.45,659.12,65.54,182.43,0.4465,-1,-1,-1
2847,13,349.37,659.36,66.16,181.39,0.4530,-1,-1,-1
2848,13,351.96,658.42,64.75,181.11,0.4518,-1,-1,-1
2849,13,354.30,657.72,64.46,180.58,0.4463,-1,-1,-1
2850,13,356.00,657.36,64.43,180.07,0.4351,-1,-1,-1
2851,13,357.81,657.19,63.72,179.66,0.4334,-1,-1,-1
2852,13,359.00,657.23,63.26,179.21,0.4481,-1,-1,-1
2853,13,359.56,657.23,63.46,178.70,0.4413,-1,-1,-1
2854,13,360.18,656.92,63.17,178.61,0.4428,-1,-1,-1
2855,13,360.62,656.49,62.63,178.86,0.4647,-1,-1,-1
2856,13,360.88,656.00,62.51,179.16,0.4553,-1,-1,-1
2857,13,361.35,655.54,62.41,179.43,0.4796,-1,-1,-1
2858,13,361.49,655.26,62.48,179.56,0.4660,-1,-1,-1
2859,13,361.66,655.19,62.94,179.59,0.4764,-1,-1,-1
2860,13,361.41,655.29,63.52,179.49,0.4745,-1,-1,-1
2861,13,361.60,656.18,62.99,178.85,0.4570,-1,-1,-1
2862,13,362.30,656.43,61.90,178.75,0.4505,-1,-1,-1
2863,13,362.80,656.60,61.02,178.72,0.4434,-1,-1,-1
2864,13,363.09,656.57,60.45,178.81,0.4717,-1,-1,-1
2865,13,363.01,656.63,60.72,178.73,0.4568,-1,-1,-1
2866,13,363.06,656.30,61.21,178.94,0.4586,-1,-1,-1
2867,13,362.94,656.35,61.57,178.88,0.4805,-1,-1,-1
2868,13,363.33,655.94,61.06,179.14,0.4463,-1,-1,-1
2869,13,363.56,655.74,60.51,179.18,0.4329,-1,-1,-1
2870,13,363.57,655.86,60.58,179.23,0.3889,-1,-1,-1
2871,13,363.45,655.98,60.73,179.18,0.3865,-1,-1,-1
2872,13,364.03,656.36,59.68,180.57,0.3545,-1,-1,-1
2873,13,364.24,656.51,59.41,182.02,0.3597,-1,-1,-1
2874,13,364.45,657.15,58.87,183.17,0.3670,-1,-1,-1
2875,13,363.89,657.50,59.81,182.21,0.3486,-1,-1,-1
2876,13,363.35,657.31,60.75,181.09,0.3636,-1,-1,-1
2877,13,363.24,657.02,60.60,180.13,0.3982,-1,-1,-1
2878,13,363.26,656.74,60.32,179.65,0.4055,-1,-1,-1
2879,13,363.33,656.68,60.03,179.37,0.4172,-1,-1,-1
2880,13,363.32,656.80,59.79,179.17,0.4117,-1,-1,-1
2881,13,362.99,656.86,60.32,179.08,0.3939,-1,-1,-1
2882,13,362.75,657.07,60.68,178.83,0.3801,-1,-1,-1
2883,13,362.40,657.37,61.43,178.61,0.3709,-1,-1,-1
2884,13,362.02,657.89,62.09,178.48,0.3793,-1,-1,-1
2885,13,361.85,658.22,62.75,178.63,0.3860,-1,-1,-1
2886,13,361.80,658.86,62.92,178.61,0.3751,-1,-1,-1
2887,13,361.90,659.32,62.58,178.74,0.4058,-1,-1,-1
2888,13,362.03,660.04,62.59,178.56,0.3961,-1,-1,-1
2889,13,362.24,660.57,62.19,178.47,0.3682,-1,-1,-1
2890,13,362.40,661.17,61.86,178.76,0.3716,-1,-1,-1
2891,13,362.50,661.76,61.68,178.91,0.3489,-1,-1,-1
2892,13,362.03,662.37,62.22,178.32,0.3277,-1,-1,-1
2893,13,361.43,662.79,62.80,177.91,0.3208,-1,-1,-1
2894,13,360.98,663.02,63.50,177.20,0.3006,-1,-1,-1
2895,13,360.50,663.33,64.06,175.90,0.2725,-1,-1,-1
2896,13,360.11,663.44,64.52,174.34,0.2949,-1,-1,-1
2918,14,1473.62,813.02,69.04,163.29,0.3648,-1,-1,-1
2919,14,1472.32,811.91,70.09,164.32,0.3650,-1,-1,-1
2920,14,1469.29,810.86,73.35,165.30,0.3251,-1,-1,-1
2921,14,1467.88,809.74,73.58,166.29,0.3286,-1,-1,-1
2922,14,1466.19,808.65,74.64,167.00,0.2666,-1,-1,-1
2923,14,1462.41,807.30,78.31,167.61,0.2682,-1,-1,-1
2997,15,1410.51,615.16,66.13,154.53,0.3508,-1,-1,-1
2998,15,1409.40,613.59,67.24,154.91,0.3519,-1,-1,-1
2999,15,1409.09,612.38,66.81,155.11,0.3304,-1,-1,-1
3000,15,1405.09,609.94,70.76,155.97,0.4167,-1,-1,-1
3001,15,1403.22,608.06,71.49,156.70,0.3834,-1,-1,-1
3002,15,1401.72,606.28,71.11,157.46,0.3726,-1,-1,-1
3003,15,1401.22,604.66,69.61,158.26,0.3581,-1,-1,-1
3004,15,1400.98,602.18,66.65,158.80,0.4353,-1,-1,-1
3005,15,1399.84,599.99,65.64,158.70,0.4228,-1,-1,-1
3006,15,1399.05,597.88,64.87,158.59,0.3884,-1,-1,-1
3007,15,1397.97,594.90,64.09,158.28,0.4640,-1,-1,-1
3008,15,1397.00,592.03,63.51,157.28,0.4179,-1,-1,-1
3009,15,1395.50,588.63,63.35,155.31,0.4877,-1,-1,-1
3010,15,1394.49,585.00,62.47,154.41,0.4657,-1,-1,-1
3011,15,1393.27,582.33,62.11,154.11,0.4188,-1,-1,-1
3012,15,1392.18,580.09,61.68,154.15,0.3747,-1,-1,-1
3013,15,1391.29,578.10,60.79,154.52,0.4217,-1,-1,-1
3014,15,1390.27,576.26,60.54,155.01,0.3577,-1,-1,-1
3024,15,1381.70,553.03,63.92,152.45,0.5103,-1,-1,-1
3025,15,1381.74,550.79,62.97,152.24,0.4317,-1,-1,-1
3026,15,1381.94,548.25,61.91,152.87,0.4464,-1,-1,-1
3027,15,1380.83,546.02,62.46,153.19,0.3583,-1,-1,-1
3028,15,1379.20,544.17,63.44,153.83,0.4180,-1,-1,-1
3029,15,1377.90,542.55,63.36,154.92,0.4366,-1,-1,-1
3030,15,1377.07,540.98,63.17,155.44,0.3089,-1,-1,-1
3031,15,1376.36,539.41,62.66,155.83,0.2813,-1,-1,-1
3032,15,1376.04,537.68,61.49,156.15,0.2638,-1,-1,-1
3033,15,1375.83,536.09,60.03,156.49,0.3355,-1,-1,-1
3034,15,1375.36,534.31,59.81,156.09,0.3754,-1,-1,-1
3035,15,1374.64,531.94,59.89,155.28,0.4311,-1,-1,-1
3036,15,1373.91,529.81,60.37,153.54,0.4283,-1,-1,-1
3037,15,1373.07,527.56,60.76,151.78,0.3961,-1,-1,-1
3038,15,1372.75,525.17,60.73,151.21,0.3862,-1,-1,-1
3039,15,1372.92,522.87,60.12,150.30,0.5141,-1,-1,-1
3040,15,1372.84,521.10,59.95,150.28,0.5577,-1,-1,-1
3041,15,1372.75,519.58,59.85,150.36,0.4430,-1,-1,-1
3042,15,1372.77,518.14,59.84,150.76,0.4650,-1,-1,-1
3043,15,1372.29,516.23,60.15,151.25,0.3639,-1,-1,-1
3044,15,1371.92,514.59,60.83,151.84,0.3843,-1,-1,-1
3045,15,1371.63,513.03,61.30,152.12,0.3156,-1,-1,-1
3046,15,1371.63,511.78,62.31,152.28,0.3689,-1,-1,-1
3047,15,1371.43,510.14,63.55,152.40,0.3368,-1,-1,-1
3048,15,1372.35,508.15,63.82,152.47,0.3596,-1,-1,-1
3049,15,1372.69,506.20,64.53,152.19,0.3148,-1,-1,-1
3050,15,1373.67,503.72,64.33,151.90,0.3091,-1,-1,-1
3051,15,1376.81,500.38,61.65,151.49,0.4121,-1,-1,-1
3052,15,1377.62,497.85,61.47,151.36,0.3031,-1,-1,-1
3053,15,1378.28,495.49,61.18,151.44,0.2521,-1,-1,-1
3054,15,1379.34,493.83,60.45,151.74,0.3517,-1,-1,-1
3055,15,1380.01,492.29,60.12,152.23,0.3063,-1,-1,-1
3056,15,1380.31,491.22,60.42,152.30,0.2783,-1,-1,-1
3057,15,1380.85,490.27,59.96,152.50,0.2745,-1,-1,-1
3068,15,1384.93,477.71,56.78,149.29,0.5133,-1,-1,-1
3069,15,1385.30,476.03,56.00,149.82,0.4251,-1,-1,-1
3070,15,1385.48,474.68,56.47,150.20,0.3164,-1,-1,-1
3071,15,1385.87,473.22,56.61,150.68,0.2850,-1,-1,-1
3072,15,1385.89,471.64,57.84,151.05,0.3592,-1,-1,-1
3073,15,1386.27,470.16,58.25,151.11,0.3042,-1,-1,-1
3074,15,1386.75,468.50,58.55,151.34,0.2613,-1,-1,-1
3104,15,1394.43,420.59,56.37,142.09,0.5149,-1,-1,-1
3105,15,1394.64,419.72,56.02,141.39,0.4307,-1,-1,-1
3106,15,1394.78,417.95,56.00,141.63,0.2606,-1,-1,-1
3107,15,1394.98,416.12,55.82,142.16,0.2846,-1,-1,-1
3140,16,370.79,669.68,65.40,181.95,0.5107,-1,-1,-1
3141,16,370.94,669.83,65.22,181.61,0.5001,-1,-1,-1
3142,16,371.07,669.87,64.63,181.27,0.4745,-1,-1,-1
3143,16,371.29,670.03,63.99,181.22,0.4470,-1,-1,-1
3144,16,370.98,670.14,64.13,181.08,0.4558,-1,-1,-1
3145,16,370.05,670.30,65.42,180.95,0.5071,-1,-1,-1
3146,16,369.02,670.25,66.89,180.85,0.5308,-1,-1,-1
3147,16,369.38,670.37,65.78,180.56,0.5188,-1,-1,-1
3148,16,369.40,670.38,65.34,180.48,0.4981,-1,-1,-1
3149,16,369.81,670.30,64.55,180.50,0.5178,-1,-1,-1
3150,16,370.32,670.30,63.65,180.46,0.5011,-1,-1,-1
3151,16,370.43,670.49,63.44,180.25,0.4841,-1,-1,-1
3152,16,370.54,670.44,63.43,180.30,0.4859,-1,-1,-1
3153,16,370.54,670.74,63.24,180.07,0.4604,-1,-1,-1
3154,16,370.43,670.75,63.50,180.10,0.4976,-1,-1,-1
3155,16,370.47,670.74,63.76,180.10,0.5193,-1,-1,-1
3156,16,370.36,670.63,64.32,180.22,0.5447,-1,-1,-1
3157,16,370.41,670.63,64.67,180.20,0.5370,-1,-1,-1
3158,16,369.91,670.31,65.96,180.46,0.5548,-1,-1,-1
3159,16,370.00,669.76,65.59,180.94,0.5379,-1,-1,-1
3160,16,369.54,669.87,66.33,180.76,0.5062,-1,-1,-1
3161,16,369.67,669.93,66.00,180.66,0.4848,-1,-1,-1
3162,16,369.47,670.08,66.26,180.46,0.4658,-1,-1,-1
3163,16,370.01,670.01,64.32,180.33,0.4738,-1,-1,-1
3164,16,370.60,669.98,62.20,180.32,0.4618,-1,-1,-1
3165,16,370.61,670.29,61.25,180.29,0.4657,-1,-1,-1
3166,16,370.42,670.67,60.76,180.12,0.4562,-1,-1,-1
3167,16,370.00,671.04,60.51,179.65,0.4388,-1,-1,-1
3168,16,369.69,671.39,60.21,179.33,0.4450,-1,-1,-1
3169,16,369.36,671.80,59.89,179.17,0.4167,-1,-1,-1
3170,16,368.98,672.80,59.99,178.15,0.2743,-1,-1,-1
3171,16,369.10,673.35,59.16,177.14,0.3706,-1,-1,-1
3172,16,368.80,673.18,59.34,176.96,0.2898,-1,-1,-1
3188,16,369.00,672.06,57.17,178.44,0.5019,-1,-1,-1
3189,16,368.64,672.22,57.78,178.34,0.5033,-1,-1,-1
3190,16,368.30,672.31,58.17,178.39,0.5192,-1,-1,-1
3191,16,367.78,672.12,58.70,178.46,0.5690,-1,-1,-1
3192,16,367.51,672.56,58.95,178.06,0.5678,-1,-1,-1
3193,16,367.20,673.11,59.15,177.51,0.5326,-1,-1,-1
3194,16,366.89,673.51,59.35,177.14,0.5104,-1,-1,-1
3195,16,365.97,673.21,59.92,177.46,0.5164,-1,-1,-1
3196,16,365.60,673.02,59.83,177.61,0.5056,-1,-1,-1
3197,16,365.04,674.22,60.41,176.43,0.4926,-1,-1,-1
3198,16,364.09,676.63,62.03,174.23,0.4823,-1,-1,-1
3199,16,363.56,679.07,62.37,172.47,0.4362,-1,-1,-1
3200,16,363.29,680.61,62.30,171.37,0.4500,-1,-1,-1
3201,16,362.75,682.54,62.96,169.88,0.4074,-1,-1,-1
3202,16,362.77,684.32,62.92,168.30,0.4387,-1,-1,-1
3203,16,363.01,684.36,62.25,168.22,0.4481,-1,-1,-1
3204,16,362.54,684.61,62.82,168.00,0.4167,-1,-1,-1
3205,16,362.39,685.40,62.97,167.05,0.4373,-1,-1,-1
3206,16,362.94,684.35,61.74,167.74,0.4482,-1,-1,-1
3207,16,363.22,683.10,61.06,168.69,0.4509,-1,-1,-1
3208,16,363.07,682.16,61.14,169.44,0.4628,-1,-1,-1
3209,16,362.76,683.05,61.65,168.77,0.4591,-1,-1,-1
3210,16,362.14,685.19,62.57,167.06,0.4767,-1,-1,-1
3211,16,362.37,685.54,62.01,166.69,0.4587,-1,-1,-1
3212,16,362.82,685.68,61.11,166.70,0.4587,-1,-1,-1
3213,16,362.71,686.90,61.04,165.68,0.4428,-1,-1,-1
3214,16,363.00,687.37,60.37,165.32,0.4379,-1,-1,-1
3215,16,363.18,686.79,59.30,165.98,0.4945,-1,-1,-1
3216,16,362.81,686.51,59.37,166.32,0.4650,-1,-1,-1
3217,16,362.52,687.04,59.42,165.85,0.4803,-1,-1,-1
3218,16,361.98,687.91,59.89,165.04,0.4611,-1,-1,-1
3219,16,362.28,687.51,58.99,165.43,0.4842,-1,-1,-1
3220,16,362.43,685.94,58.09,166.82,0.4968,-1,-1,-1
3223,17,360.83,674.20,58.99,178.49,0.5123,-1,-1,-1
3224,17,360.70,673.97,59.06,178.73,0.5101,-1,-1,-1
3225,17,360.19,674.13,59.35,178.69,0.5227,-1,-1,-1
3226,17,360.29,673.87,58.37,179.00,0.5084,-1,-1,-1
3227,17,359.78,674.15,58.39,178.78,0.4654,-1,-1,-1
3228,17,359.42,674.15,57.48,179.00,0.4728,-1,-1,-1
3229,17,358.42,674.17,57.48,179.09,0.4523,-1,-1,-1
3230,17,357.05,675.06,58.17,178.50,0.4234,-1,-1,-1
3231,17,355.98,676.27,58.71,177.50,0.4208,-1,-1,-1
3232,17,354.64,678.10,59.39,175.87,0.4435,-1,-1,-1
3233,17,354.13,677.51,58.43,176.39,0.4156,-1,-1,-1
3234,17,352.44,676.23,59.11,177.51,0.4236,-1,-1,-1
3235,17,350.94,674.86,59.07,178.67,0.4445,-1,-1,-1
3236,17,349.21,673.92,59.94,179.22,0.4557,-1,-1,-1
3237,17,348.02,673.35,60.21,179.44,0.4740,-1,-1,-1
3238,17,346.44,674.24,61.70,178.52,0.4299,-1,-1,-1
3239,17,345.08,676.91,63.04,176.36,0.4294,-1,-1,-1
3240,17,344.68,677.29,62.82,176.09,0.4036,-1,-1,-1
3241,17,344.35,678.47,62.79,175.09,0.4111,-1,-1,-1
3242,17,344.26,678.04,62.46,175.50,0.4210,-1,-1,-1
3243,17,343.25,677.92,63.42,175.68,0.4229,-1,-1,-1
3244,17,342.56,676.78,64.05,176.72,0.4409,-1,-1,-1
3245,17,342.28,675.82,64.12,177.68,0.4707,-1,-1,-1
3246,17,342.18,675.17,64.13,178.37,0.5025,-1,-1,-1
3247,17,342.10,675.36,64.21,178.39,0.5271,-1,-1,-1
3248,17,341.68,675.54,64.84,178.22,0.5108,-1,-1,-1
3249,17,341.41,675.79,64.85,178.30,0.5155,-1,-1,-1
3250,17,341.33,675.83,64.83,178.60,0.4892,-1,-1,-1
3251,17,340.53,675.47,65.74,179.40,0.4690,-1,-1,-1
3252,17,339.84,674.72,66.73,180.37,0.4802,-1,-1,-1
3253,17,339.11,674.37,67.64,181.00,0.4304,-1,-1,-1
3254,17,339.09,673.17,67.05,182.38,0.4646,-1,-1,-1
3255,17,338.72,672.45,67.29,183.27,0.4811,-1,-1,-1
3256,17,339.02,673.47,67.07,182.79,0.4487,-1,-1,-1
3257,17,339.19,674.02,66.92,182.69,0.4178,-1,-1,-1
3258,17,339.58,674.33,66.41,182.73,0.4309,-1,-1,-1
3259,17,339.98,674.97,65.91,182.43,0.4367,-1,-1,-1
3260,17,339.45,675.20,66.74,182.49,0.4534,-1,-1,-1
3261,17,339.16,675.15,66.85,182.82,0.3582,-1,-1,-1
3262,17,338.89,675.47,67.19,183.10,0.4312,-1,-1,-1
3263,17,338.95,675.27,66.93,183.55,0.4788,-1,-1,-1
3264,17,339.35,674.80,66.53,183.69,0.4959,-1,-1,-1
3265,17,339.27,675.60,67.02,183.11,0.4689,-1,-1,-1
3266,17,339.54,675.68,66.83,183.24,0.4994,-1,-1,-1
3267,17,338.96,677.06,67.83,182.30,0.5390,-1,-1,-1
3268,17,338.90,677.38,67.65,182.30,0.5662,-1,-1,-1
3269,17,338.56,677.66,68.02,182.26,0.5627,-1,-1,-1
3270,17,338.55,677.15,67.80,182.85,0.6044,-1,-1,-1
3271,17,338.41,676.93,67.95,183.42,0.5591,-1,-1,-1
3272,17,337.84,677.34,68.82,183.31,0.5335,-1,-1,-1
3273,17,337.71,678.02,68.95,183.04,0.5438,-1,-1,-1
3274,17,337.79,678.89,68.93,182.49,0.5519,-1,-1,-1
3275,17,338.05,679.08,68.01,182.45,0.5840,-1,-1,-1
3276,17,338.05,679.48,67.96,182.14,0.5535,-1,-1,-1
3277,17,338.11,678.56,67.62,182.92,0.6022,-1,-1,-1
3278,17,337.63,679.39,68.62,182.18,0.5520,-1,-1,-1
3279,17,337.71,678.51,68.33,182.87,0.5957,-1,-1,-1
3280,17,337.62,679.80,68.52,181.72,0.5678,-1,-1,-1
3281,17,337.69,681.50,68.57,180.24,0.5472,-1,-1,-1
3282,17,337.66,682.64,68.69,179.25,0.5376,-1,-1,-1
3283,17,337.38,682.63,68.71,179.19,0.5676,-1,-1,-1
3284,17,336.77,683.24,69.28,178.75,0.5536,-1,-1,-1
3285,17,336.53,684.57,69.40,177.44,0.5557,-1,-1,-1
3285,18,0.23,833.96,59.05,203.10,0.4840,-1,-1,-1
3286,17,336.68,684.18,68.95,177.69,0.5994,-1,-1,-1
3286,18,0.27,833.97,59.02,203.49,0.4651,-1,-1,-1
3287,17,336.89,683.90,68.57,177.92,0.5681,-1,-1,-1
3287,18,0.03,833.63,59.63,202.89,0.4069,-1,-1,-1
3288,17,336.75,685.02,68.73,176.79,0.5361,-1,-1,-1
3288,18,0.07,832.80,59.52,202.43,0.4414,-1,-1,-1
3289,17,336.72,686.15,68.85,175.54,0.5359,-1,-1,-1
3289,18,0.00,832.82,59.90,201.85,0.4058,-1,-1,-1
3290,17,336.67,688.92,69.28,173.08,0.5084,-1,-1,-1
3290,18,0.00,832.84,60.06,200.16,0.4543,-1,-1,-1
3291,17,336.88,689.96,68.79,172.23,0.5017,-1,-1,-1
3291,18,0.00,833.24,59.95,199.43,0.4721,-1,-1,-1
3292,17,336.67,691.91,69.07,170.79,0.4843,-1,-1,-1
3292,18,0.00,833.66,59.80,199.28,0.4919,-1,-1,-1
3293,17,337.55,691.08,67.14,171.63,0.4957,-1,-1,-1
3293,18,0.00,834.00,59.78,199.34,0.5179,-1,-1,-1
3294,17,336.68,691.81,67.77,171.17,0.4807,-1,-1,-1
3294,18,0.13,834.20,59.18,199.17,0.4827,-1,-1,-1
3295,17,335.93,693.83,68.45,169.55,0.4894,-1,-1,-1
3295,18,0.15,834.56,58.64,198.65,0.5142,-1,-1,-1
3296,17,335.23,695.31,68.61,168.62,0.4971,-1,-1,-1
3296,18,0.31,835.14,57.62,198.40,0.5072,-1,-1,-1
3297,17,335.13,696.68,67.89,168.05,0.5353,-1,-1,-1
3297,18,0.29,835.99,57.17,198.36,0.5008,-1,-1,-1
3298,17,334.99,697.61,67.27,167.61,0.5418,-1,-1,-1
3298,18,0.31,836.42,56.60,198.47,0.4812,-1,-1,-1
3299,17,334.45,698.22,67.81,166.94,0.5066,-1,-1,-1
3299,18,0.12,836.99,56.55,197.94,0.4660,-1,-1,-1
3300,17,334.28,698.06,67.82,167.10,0.4535,-1,-1,-1
3300,18,0.00,837.27,56.80,197.25,0.5136,-1,-1,-1
3301,17,334.26,697.59,67.78,167.26,0.4886,-1,-1,-1
3301,18,0.00,837.03,56.97,197.16,0.4847,-1,-1,-1
3302,17,334.17,698.20,68.03,166.55,0.4722,-1,-1,-1
3302,18,0.00,836.80,57.09,197.17,0.4692,-1,-1,-1
3303,17,334.55,696.48,67.32,167.85,0.4746,-1,-1,-1
3303,18,0.00,836.90,56.85,197.06,0.4638,-1,-1,-1
3304,17,334.91,694.29,66.60,170.10,0.4904,-1,-1,-1
3304,18,0.00,837.55,56.89,196.83,0.4402,-1,-1,-1
3305,17,335.03,692.44,66.19,172.44,0.5047,-1,-1,-1
3305,18,0.00,838.65,56.47,196.83,0.4509,-1,-1,-1
3306,17,334.22,692.43,66.84,173.36,0.4989,-1,-1,-1
3306,18,0.31,840.06,55.20,197.34,0.4537,-1,-1,-1
3307,17,333.12,694.56,67.98,173.14,0.4810,-1,-1,-1
3307,18,0.51,842.02,54.10,197.93,0.4344,-1,-1,-1
3308,17,332.01,696.63,68.87,173.09,0.5050,-1,-1,-1
3308,18,0.65,843.70,53.09,198.00,0.3514,-1,-1,-1
3309,17,331.46,698.54,67.08,173.42,0.5153,-1,-1,-1
3309,18,0.79,845.57,51.91,198.09,0.3493,-1,-1,-1
3310,17,329.62,699.86,67.63,173.37,0.5107,-1,-1,-1
3310,18,1.14,846.87,50.16,198.15,0.2595,-1,-1,-1
3311,17,328.59,701.45,67.21,173.63,0.5337,-1,-1,-1
3311,18,1.27,848.40,48.84,198.25,0.2608,-1,-1,-1
3312,17,327.98,704.85,66.93,172.18,0.5414,-1,-1,-1
3312,18,0.93,850.18,48.80,198.23,0.2726,-1,-1,-1
3313,17,328.39,707.14,67.38,171.39,0.5290,-1,-1,-1
3313,18,0.00,852.43,51.17,197.76,0.3217,-1,-1,-1
3314,17,330.14,709.22,67.91,171.06,0.5162,-1,-1,-1
3314,18,0.00,855.18,54.19,196.97,0.3856,-1,-1,-1
3315,17,332.70,711.34,68.02,170.34,0.4992,-1,-1,-1
3315,18,0.00,857.20,56.43,196.43,0.3527,-1,-1,-1
